1	55	65	65	75	75	85	85	85	85	85	85	100	100	100	100	100	120	120	120	120	120	130	130	130	130	150	150	150	150	170																				
1	71	72	73	74	75	76	77	78	79	89	90	91	92	93	94	95	96	97	98	111	112	113	114	115	116	117	118	119	120	138																				
1	328	339	350	361	372	383	394	405	416	480	495	510	525	540	555	570	585	600	615	704	739	774	809	844	879	914	949	984	1019	1040																				
1	76	77	78	79	80	81	82	83	84	94	95	96	97	98	99	100	101	102	103	116	117	118	119	120	121	122	123	124	125	143																				
1	656	686	716	746	776	806	836	866	896	960	1005	1050	1095	1140	1185	1230	1275	1320	1365	1408	1453	1498	1543	1588	1633	1678	1723	1768	1813	2080																				
1	78	79	80	81	82	83	84	85	86	96	97	98	99	100	101	102	103	104	105	118	119	120	121	122	123	124	125	126	127	145																				
1	1230	1300	1370	1440	1510	1580	1650	1720	1790	1800	1880	1960	2040	2120	2200	2280	2360	2440	2520	2640	2720	2800	2880	2960	3040	3120	3200	3280	3360	3900																				
1	90	91	92	93	94	95	96	97	98	108	109	110	111	112	113	114	115	116	117	130	131	132	133	134	135	136	137	138	139	157																				
2	142	142	152	152	162	162	162	162	172	172	172	172	182	182	182	182	192	192	192	192	202	202	202	212	212	212	222	222	222	232	232	232	232	232	232	232	242	242	242	242	252	252	252	252	252	260	260	260	260	280
2	150	151	152	153	154	155	156	157	164	166	168	170	172	174	176	178	180	180	182	184	186	188	190	192	194	196	196	198	200	202	204	206	208	210	212	214	214	216	218	220	222	224	226	228	230	234	238	242	246	250
2	1136	1136	1216	1216	1296	1296	1296	1296	1376	1376	1376	1376	1456	1456	1456	1456	1536	1536	1536	1536	1616	1616	1616	1696	1696	1696	1776	1776	1776	1856	1856	1856	1856	1856	1856	1856	1936	1936	1936	1936	2016	2016	2016	2016	2016	2080	2080	2080	2080	2240
2	200	200	200	200	200	200	200	200	219	219	219	219	219	219	219	219	219	239	239	239	239	239	239	239	239	239	261	261	261	261	261	261	261	261	261	261	285	285	285	285	285	285	285	285	285	312	312	312	312	312
2	2272	2272	2272	2272	2272	2272	2272	2272	2480	2480	2480	2480	2480	2480	2480	2480	2480	2704	2704	2704	2704	2704	2704	2704	2704	2704	2960	2960	2960	2960	2960	2960	2960	2960	2960	2960	3232	3232	3232	3232	3232	3232	3232	3232	3232	3536	3536	3536	3536	3536
2	301	301	301	301	301	301	301	301	329	329	329	329	329	329	329	329	329	359	359	359	359	359	359	359	359	359	392	392	392	392	392	392	392	392	392	392	428	428	428	428	428	428	428	428	428	468	468	468	468	468
2	4544	4544	4544	4544	4544	4544	4544	4544	4960	4960	4960	4960	4960	4960	4960	4960	4960	5408	5408	5408	5408	5408	5408	5408	5408	5408	5920	5920	5920	5920	5920	5920	5920	5920	5920	5920	6464	6464	6464	6464	6464	6464	6464	6464	6464	7072	7072	7072	7072	7072
2	601	601	601	601	601	601	601	601	657	657	657	657	657	657	657	657	657	718	718	718	718	718	718	718	718	718	784	784	784	784	784	784	784	784	784	784	856	856	856	856	856	856	856	856	856	935	935	935	935	935
3	241	241	241	241	241	241	241	241	263	263	263	263	263	263	263	263	263	287	287	287	287	287	287	287	287	287	314	314	314	314	314	314	314	314	314	314	343	343	343	343	343	343	343	343	343	365	365	365	365	365
3	254	254	254	254	254	254	254	254	277	277	277	277	277	277	277	277	277	301	301	301	301	301	301	301	301	301	327	327	327	327	327	327	327	327	327	327	356	356	356	356	356	356	356	356	356	386	386	386	386	386
3	1928	1928	1928	1928	1928	1928	1928	1928	2104	2104	2104	2104	2104	2104	2104	2104	2104	2296	2296	2296	2296	2296	2296	2296	2296	2296	2512	2512	2512	2512	2512	2512	2512	2512	2512	2512	2744	2744	2744	2744	2744	2744	2744	2744	2744	2920	2920	2920	2920	2920
3	339	339	339	339	339	339	339	339	369	369	369	369	369	369	369	369	369	401	401	401	401	401	401	401	401	401	436	436	436	436	436	436	436	436	436	436	475	475	475	475	475	475	475	475	475	514	514	514	514	514
3	3856	3856	3856	3856	3856	3856	3856	3856	4208	4208	4208	4208	4208	4208	4208	4208	4208	4592	4592	4592	4592	4592	4592	4592	4592	4592	5024	5024	5024	5024	5024	5024	5024	5024	5024	5024	5488	5488	5488	5488	5488	5488	5488	5488	5488	5840	5840	5840	5840	5840
3	509	509	509	509	509	509	509	509	553	553	553	553	553	553	553	553	553	602	602	602	602	602	602	602	602	602	655	655	655	655	655	655	655	655	655	655	712	712	712	712	712	712	712	712	712	772	772	772	772	772
3	7712	7712	7712	7712	7712	7712	7712	7712	8416	8416	8416	8416	8416	8416	8416	8416	8416	9184	9184	9184	9184	9184	9184	9184	9184	9184	10048	10048	10048	10048	10048	10048	10048	10048	10048	10048	10976	10976	10976	10976	10976	10976	10976	10976	10976	11680	11680	11680	11680	11680
3	1017	1017	1017	1017	1017	1017	1017	1017	1106	1106	1106	1106	1106	1106	1106	1106	1106	1203	1203	1203	1203	1203	1203	1203	1203	1203	1309	1309	1309	1309	1309	1309	1309	1309	1309	1309	1424	1424	1424	1424	1424	1424	1424	1424	1424	1543	1543	1543	1543	1543
4	391	391	391	391	391	391	391	391	418	418	418	418	418	418	418	418	418	447	447	447	447	447	447	447	447	447	478	478	478	478	478	478	478	478	478	478	511	511	511	511	511	511	511	511	511	547	547	547	547	547
4	413	413	413	413	413	413	413	413	442	442	442	442	442	442	442	442	442	473	473	473	473	473	473	473	473	473	506	506	506	506	506	506	506	506	506	506	541	541	541	541	541	541	541	541	541	579	579	579	579	579
4	3128	3128	3128	3128	3128	3128	3128	3128	3344	3344	3344	3344	3344	3344	3344	3344	3344	3576	3576	3576	3576	3576	3576	3576	3576	3576	3824	3824	3824	3824	3824	3824	3824	3824	3824	3824	4088	4088	4088	4088	4088	4088	4088	4088	4088	4376	4376	4376	4376	4376
4	550	550	550	550	550	550	550	550	589	589	589	589	589	589	589	589	589	630	630	630	630	630	630	630	630	630	674	674	674	674	674	674	674	674	674	674	722	722	722	722	722	722	722	722	722	772	772	772	772	772
4	6256	6256	6256	6256	6256	6256	6256	6256	6688	6688	6688	6688	6688	6688	6688	6688	6688	7152	7152	7152	7152	7152	7152	7152	7152	7152	7648	7648	7648	7648	7648	7648	7648	7648	7648	7648	8176	8176	8176	8176	8176	8176	8176	8176	8176	8752	8752	8752	8752	8752
4	826	826	826	826	826	826	826	826	884	884	884	884	884	884	884	884	884	946	946	946	946	946	946	946	946	946	1012	1012	1012	1012	1012	1012	1012	1012	1012	1012	1083	1083	1083	1083	1083	1083	1083	1083	1083	1158	1158	1158	1158	1158
4	12512	12512	12512	12512	12512	12512	12512	12512	13376	13376	13376	13376	13376	13376	13376	13376	13376	14304	14304	14304	14304	14304	14304	14304	14304	14304	15296	15296	15296	15296	15296	15296	15296	15296	15296	15296	16352	16352	16352	16352	16352	16352	16352	16352	16352	17504	17504	17504	17504	17504
4	1651	1651	1651	1651	1651	1651	1651	1651	1767	1767	1767	1767	1767	1767	1767	1767	1767	1891	1891	1891	1891	1891	1891	1891	1891	1891	2023	2023	2023	2023	2023	2023	2023	2023	2023	2023	2165	2165	2165	2165	2165	2165	2165	2165	2165	2315	2315	2315	2315	2315
5	585	585	585	585	585	585	585	585	626	626	626	626	626	626	626	626	626	670	670	670	670	670	670	670	670	670	717	717	717	717	717	717	717	717	717	717	767	767	767	767	767	767	767	767	767	822	822	822	822	822
5	619	619	619	619	619	619	619	619	663	663	663	663	663	663	663	663	663	709	709	709	709	709	709	709	709	709	759	759	759	759	759	759	759	759	759	759	812	812	812	812	812	812	812	812	812	868	868	868	868	868
5	4680	4680	4680	4680	4680	4680	4680	4680	5008	5008	5008	5008	5008	5008	5008	5008	5008	5360	5360	5360	5360	5360	5360	5360	5360	5360	5736	5736	5736	5736	5736	5736	5736	5736	5736	5736	6136	6136	6136	6136	6136	6136	6136	6136	6136	6576	6576	6576	6576	6576
5	826	826	826	826	826	826	826	826	883	883	883	883	883	883	883	883	883	945	945	945	945	945	945	945	945	945	1012	1012	1012	1012	1012	1012	1012	1012	1012	1012	1082	1082	1082	1082	1082	1082	1082	1082	1082	1158	1158	1158	1158	1158
5	9360	9360	9360	9360	9360	9360	9360	9360	10016	10016	10016	10016	10016	10016	10016	10016	10016	10720	10720	10720	10720	10720	10720	10720	10720	10720	11472	11472	11472	11472	11472	11472	11472	11472	11472	11472	12272	12272	12272	12272	12272	12272	12272	12272	12272	13152	13152	13152	13152	13152
5	1239	1239	1239	1239	1239	1239	1239	1239	1325	1325	1325	1325	1325	1325	1325	1325	1325	1418	1418	1418	1418	1418	1418	1418	1418	1418	1518	1518	1518	1518	1518	1518	1518	1518	1518	1518	1624	1624	1624	1624	1624	1624	1624	1624	1624	1737	1737	1737	1737	1737
5	18720	18720	18720	18720	18720	18720	18720	18720	20032	20032	20032	20032	20032	20032	20032	20032	20032	21440	21440	21440	21440	21440	21440	21440	21440	21440	22944	22944	22944	22944	22944	22944	22944	22944	22944	22944	24544	24544	24544	24544	24544	24544	24544	24544	24544	26304	26304	26304	26304	26304
5	2477	2477	2477	2477	2477	2477	2477	2477	2650	2650	2650	2650	2650	2650	2650	2650	2650	2836	2836	2836	2836	2836	2836	2836	2836	2836	3035	3035	3035	3035	3035	3035	3035	3035	3035	3035	3247	3247	3247	3247	3247	3247	3247	3247	3247	3473	3473	3473	3473	3473
6	880	880	880	880	880	880	880	880	942	942	942	942	942	942	942	942	942	1008	1008	1008	1008	1008	1008	1008	1008	1008	1079	1079	1079	1079	1079	1079	1079	1079	1079	1079	1155	1155	1155	1155	1155	1155	1155	1155	1155	1233	1233	1233	1233	1233
6	929	929	929	929	929	929	929	929	994	994	994	994	994	994	994	994	994	1064	1064	1064	1064	1064	1064	1064	1064	1064	1138	1138	1138	1138	1138	1138	1138	1138	1138	1138	1218	1218	1218	1218	1218	1218	1218	1218	1218	1303	1303	1303	1303	1303
6	7040	7040	7040	7040	7040	7040	7040	7040	7536	7536	7536	7536	7536	7536	7536	7536	7536	8064	8064	8064	8064	8064	8064	8064	8064	8064	8632	8632	8632	8632	8632	8632	8632	8632	8632	8632	9240	9240	9240	9240	9240	9240	9240	9240	9240	9864	9864	9864	9864	9864
6	1239	1239	1239	1239	1239	1239	1239	1239	1325	1325	1325	1325	1325	1325	1325	1325	1325	1418	1418	1418	1418	1418	1418	1418	1418	1418	1517	1517	1517	1517	1517	1517	1517	1517	1517	1517	1624	1624	1624	1624	1624	1624	1624	1624	1624	1737	1737	1737	1737	1737
6	14080	14080	14080	14080	14080	14080	14080	14080	15072	15072	15072	15072	15072	15072	15072	15072	15072	16128	16128	16128	16128	16128	16128	16128	16128	16128	17264	17264	17264	17264	17264	17264	17264	17264	17264	17264	18480	18480	18480	18480	18480	18480	18480	18480	18480	19728	19728	19728	19728	19728
6	1858	1858	1858	1858	1858	1858	1858	1858	1988	1988	1988	1988	1988	1988	1988	1988	1988	2127	2127	2127	2127	2127	2127	2127	2127	2127	2276	2276	2276	2276	2276	2276	2276	2276	2276	2276	2436	2436	2436	2436	2436	2436	2436	2436	2436	2605	2605	2605	2605	2605
6	28160	28160	28160	28160	28160	28160	28160	28160	30144	30144	30144	30144	30144	30144	30144	30144	30144	32256	32256	32256	32256	32256	32256	32256	32256	32256	34528	34528	34528	34528	34528	34528	34528	34528	34528	34528	36960	36960	36960	36960	36960	36960	36960	36960	36960	39456	39456	39456	39456	39456
6	3716	3716	3716	3716	3716	3716	3716	3716	3976	3976	3976	3976	3976	3976	3976	3976	3976	4254	4254	4254	4254	4254	4254	4254	4254	4254	4552	4552	4552	4552	4552	4552	4552	4552	4552	4552	4871	4871	4871	4871	4871	4871	4871	4871	4871	5210	5210	5210	5210	5210
7	1319	1319	1319	1319	1319	1319	1319	1319	1411	1411	1411	1411	1411	1411	1411	1411	1411	1510	1510	1510	1510	1510	1510	1510	1510	1510	1616	1616	1616	1616	1616	1616	1616	1616	1616	1616	1729	1729	1729	1729	1729	1729	1729	1729	1729	1850	1850	1850	1850	1850
7	1394	1394	1394	1394	1394	1394	1394	1394	1491	1491	1491	1491	1491	1491	1491	1491	1491	1596	1596	1596	1596	1596	1596	1596	1596	1596	1708	1708	1708	1708	1708	1708	1708	1708	1708	1708	1827	1827	1827	1827	1827	1827	1827	1827	1827	1954	1954	1954	1954	1954
7	10552	10552	10552	10552	10552	10552	10552	10552	11288	11288	11288	11288	11288	11288	11288	11288	11288	12080	12080	12080	12080	12080	12080	12080	12080	12080	12928	12928	12928	12928	12928	12928	12928	12928	12928	12928	13832	13832	13832	13832	13832	13832	13832	13832	13832	14800	14800	14800	14800	14800
7	1858	1858	1858	1858	1858	1858	1858	1858	1988	1988	1988	1988	1988	1988	1988	1988	1988	2128	2128	2128	2128	2128	2128	2128	2128	2128	2277	2277	2277	2277	2277	2277	2277	2277	2277	2277	2436	2436	2436	2436	2436	2436	2436	2436	2436	2605	2605	2605	2605	2605
7	21104	21104	21104	21104	21104	21104	21104	21104	22576	22576	22576	22576	22576	22576	22576	22576	22576	24160	24160	24160	24160	24160	24160	24160	24160	24160	25856	25856	25856	25856	25856	25856	25856	25856	25856	25856	27664	27664	27664	27664	27664	27664	27664	27664	27664	29600	29600	29600	29600	29600
7	2788	2788	2788	2788	2788	2788	2788	2788	2983	2983	2983	2983	2983	2983	2983	2983	2983	3192	3192	3192	3192	3192	3192	3192	3192	3192	3415	3415	3415	3415	3415	3415	3415	3415	3415	3415	3654	3654	3654	3654	3654	3654	3654	3654	3654	3908	3908	3908	3908	3908
7	42208	42208	42208	42208	42208	42208	42208	42208	45152	45152	45152	45152	45152	45152	45152	45152	45152	48320	48320	48320	48320	48320	48320	48320	48320	48320	51712	51712	51712	51712	51712	51712	51712	51712	51712	51712	55328	55328	55328	55328	55328	55328	55328	55328	55328	59200	59200	59200	59200	59200
7	5575	5575	5575	5575	5575	5575	5575	5575	5965	5965	5965	5965	5965	5965	5965	5965	5965	6383	6383	6383	6383	6383	6383	6383	6383	6383	6830	6830	6830	6830	6830	6830	6830	6830	6830	6830	7308	7308	7308	7308	7308	7308	7308	7308	7308	7815	7815	7815	7815	7815
8	1980	1980	1980	1980	1980	1980	1980	1980	2119	2119	2119	2119	2119	2119	2119	2119	2119	2267	2267	2267	2267	2267	2267	2267	2267	2267	2426	2426	2426	2426	2426	2426	2426	2426	2426	2426	2596	2596	2596	2596	2596	2596	2596	2596	2596	2775	2775	2775	2775	2775
8	2091	2091	2091	2091	2091	2091	2091	2091	2237	2237	2237	2237	2237	2237	2237	2237	2237	2393	2393	2393	2393	2393	2393	2393	2393	2393	2561	2561	2561	2561	2561	2561	2561	2561	2561	2561	2740	2740	2740	2740	2740	2740	2740	2740	2740	2931	2931	2931	2931	2931
8	15840	15840	15840	15840	15840	15840	15840	15840	16952	16952	16952	16952	16952	16952	16952	16952	16952	18136	18136	18136	18136	18136	18136	18136	18136	18136	19408	19408	19408	19408	19408	19408	19408	19408	19408	19408	20768	20768	20768	20768	20768	20768	20768	20768	20768	22200	22200	22200	22200	22200
8	2787	2787	2787	2787	2787	2787	2787	2787	2982	2982	2982	2982	2982	2982	2982	2982	2982	3191	3191	3191	3191	3191	3191	3191	3191	3191	3414	3414	3414	3414	3414	3414	3414	3414	3414	3414	3653	3653	3653	3653	3653	3653	3653	3653	3653	3908	3908	3908	3908	3908
8	31680	31680	31680	31680	31680	31680	31680	31680	33904	33904	33904	33904	33904	33904	33904	33904	33904	36272	36272	36272	36272	36272	36272	36272	36272	36272	38816	38816	38816	38816	38816	38816	38816	38816	38816	38816	41536	41536	41536	41536	41536	41536	41536	41536	41536	44400	44400	44400	44400	44400
8	4181	4181	4181	4181	4181	4181	4181	4181	4474	4474	4474	4474	4474	4474	4474	4474	4474	4787	4787	4787	4787	4787	4787	4787	4787	4787	5122	5122	5122	5122	5122	5122	5122	5122	5122	5122	5480	5480	5480	5480	5480	5480	5480	5480	5480	5862	5862	5862	5862	5862
8	63360	63360	63360	63360	63360	63360	63360	63360	67808	67808	67808	67808	67808	67808	67808	67808	67808	72544	72544	72544	72544	72544	72544	72544	72544	72544	77632	77632	77632	77632	77632	77632	77632	77632	77632	77632	83072	83072	83072	83072	83072	83072	83072	83072	83072	88800	88800	88800	88800	88800
8	8362	8362	8362	8362	8362	8362	8362	8362	8947	8947	8947	8947	8947	8947	8947	8947	8947	9573	9573	9573	9573	9573	9573	9573	9573	9573	10243	10243	10243	10243	10243	10243	10243	10243	10243	10243	10960	10960	10960	10960	10960	10960	10960	10960	10960	11723	11723	11723	11723	11723
9	2940	2940	2940	2940	2940	2940	2940	2940	3115	3115	3115	3115	3115	3115	3115	3115	3115	3301	3301	3301	3301	3301	3301	3301	3301	3301	3498	3498	3498	3498	3498	3498	3498	3498	3498	3498	3706	3706	3706	3706	3706	3706	3706	3706	3706	3927	3927	3927	3927	3927
9	3106	3106	3106	3106	3106	3106	3106	3106	3291	3291	3291	3291	3291	3291	3291	3291	3291	3487	3487	3487	3487	3487	3487	3487	3487	3487	3694	3694	3694	3694	3694	3694	3694	3694	3694	3694	3915	3915	3915	3915	3915	3915	3915	3915	3915	4148	4148	4148	4148	4148
9	23520	23520	23520	23520	23520	23520	23520	23520	24920	24920	24920	24920	24920	24920	24920	24920	24920	26408	26408	26408	26408	26408	26408	26408	26408	26408	27984	27984	27984	27984	27984	27984	27984	27984	27984	27984	29648	29648	29648	29648	29648	29648	29648	29648	29648	31416	31416	31416	31416	31416
9	4141	4141	4141	4141	4141	4141	4141	4141	4387	4387	4387	4387	4387	4387	4387	4387	4387	4649	4649	4649	4649	4649	4649	4649	4649	4649	4926	4926	4926	4926	4926	4926	4926	4926	4926	4926	5219	5219	5219	5219	5219	5219	5219	5219	5219	5530	5530	5530	5530	5530
9	47040	47040	47040	47040	47040	47040	47040	47040	49840	49840	49840	49840	49840	49840	49840	49840	49840	52816	52816	52816	52816	52816	52816	52816	52816	52816	55968	55968	55968	55968	55968	55968	55968	55968	55968	55968	59296	59296	59296	59296	59296	59296	59296	59296	59296	62832	62832	62832	62832	62832
9	6211	6211	6211	6211	6211	6211	6211	6211	6581	6581	6581	6581	6581	6581	6581	6581	6581	6973	6973	6973	6973	6973	6973	6973	6973	6973	7389	7389	7389	7389	7389	7389	7389	7389	7389	7389	7829	7829	7829	7829	7829	7829	7829	7829	7829	8296	8296	8296	8296	8296
9	94080	94080	94080	94080	94080	94080	94080	94080	99680	99680	99680	99680	99680	99680	99680	99680	99680	105632	105632	105632	105632	105632	105632	105632	105632	105632	111936	111936	111936	111936	111936	111936	111936	111936	111936	111936	118592	118592	118592	118592	118592	118592	118592	118592	118592	125664	125664	125664	125664	125664
9	12422	12422	12422	12422	12422	12422	12422	12422	13162	13162	13162	13162	13162	13162	13162	13162	13162	13946	13946	13946	13946	13946	13946	13946	13946	13946	14777	14777	14777	14777	14777	14777	14777	14777	14777	14777	15658	15658	15658	15658	15658	15658	15658	15658	15658	16591	16591	16591	16591	16591
10	4163	4163	4163	4163	4163	4411	4411	4411	4411	4411	4411	4674	4674	4674	4674	4674	4674	4953	4953	4953	4953	4953	4953	5248	5248	5248	5248	5248	5248	5248	5248	5561	5561	5561	5561	5561	5561	5561	5561	5561	5892	5892	5892	5892	5892	5892	5892	6245	6245	6245
10	4396	4396	4396	4396	4396	4658	4658	4658	4658	4658	4658	4936	4936	4936	4936	4936	4936	5230	5230	5230	5230	5230	5230	5542	5542	5542	5542	5542	5542	5542	5542	5872	5872	5872	5872	5872	5872	5872	5872	5872	6222	6222	6222	6222	6222	6222	6222	6595	6595	6595
10	33304	33304	33304	33304	33304	35288	35288	35288	35288	35288	35288	37392	37392	37392	37392	37392	37392	39624	39624	39624	39624	39624	39624	41984	41984	41984	41984	41984	41984	41984	41984	44488	44488	44488	44488	44488	44488	44488	44488	44488	47136	47136	47136	47136	47136	47136	47136	49960	49960	49960
10	5862	5862	5862	5862	5862	6211	6211	6211	6211	6211	6211	6581	6581	6581	6581	6581	6581	6974	6974	6974	6974	6974	6974	7389	7389	7389	7389	7389	7389	7389	7389	7830	7830	7830	7830	7830	7830	7830	7830	7830	8296	8296	8296	8296	8296	8296	8296	8793	8793	8793
10	66608	66608	66608	66608	66608	70576	70576	70576	70576	70576	70576	74784	74784	74784	74784	74784	74784	79248	79248	79248	79248	79248	79248	83968	83968	83968	83968	83968	83968	83968	83968	88976	88976	88976	88976	88976	88976	88976	88976	88976	94272	94272	94272	94272	94272	94272	94272	99920	99920	99920
10	8793	8793	8793	8793	8793	9317	9317	9317	9317	9317	9317	9872	9872	9872	9872	9872	9872	10461	10461	10461	10461	10461	10461	11084	11084	11084	11084	11084	11084	11084	11084	11745	11745	11745	11745	11745	11745	11745	11745	11745	12445	12445	12445	12445	12445	12445	12445	13189	13189	13189
10	133216	133216	133216	133216	133216	141152	141152	141152	141152	141152	141152	149568	149568	149568	149568	149568	149568	158496	158496	158496	158496	158496	158496	167936	167936	167936	167936	167936	167936	167936	167936	177952	177952	177952	177952	177952	177952	177952	177952	177952	188544	188544	188544	188544	188544	188544	188544	199840	199840	199840
10	17585	17585	17585	17585	17585	18633	18633	18633	18633	18633	18633	19744	19744	19744	19744	19744	19744	20921	20921	20921	20921	20921	20921	22168	22168	22168	22168	22168	22168	22168	22168	23489	23489	23489	23489	23489	23489	23489	23489	23489	24889	24889	24889	24889	24889	24889	24889	26378	26378	26378